4294967278,20
4294967278,19
4294967278,18
4294967278,17
4294967278,16
4294967278,15
4294967278,38
4294967278,36
4294967278,34
4294967278,33
4294967278,32
4294967278,31
4294967278,30
4294967278,29
4294967278,28
4294967278,27
4294967278,26
4294967278,25
4294967278,24
4294967278,23
4294967278,22
4294967278,21
25,4
4294967294,10
4294967294,1
4294967278,299
4294967279,293
4294967279,154
4294967279,294
4294967278,298
4294967278,153
4294967279,153
4294967278,152
4294967279,152
4294967278,295
4294967279,290
4294967279,373
4294967294,104
4294967294,1417
4294967278,37
4294967278,294
4294967279,289
4294967278,35
4294967279,287
4294967278,146
4294967279,146
4294967278,145
4294967279,145
25,5
4294967279,143
4294967279,144
25,3
25,2
25,1
4294967279,284
4294967278,561
4294967279,372
4294967278,560
4294967279,141
4294967278,54
4294967278,53
4294967278,52
4294967278,51
4294967278,50
4294967278,49
4294967278,48
4294967278,47
4294967278,46
4294967278,45
4294967278,44
4294967278,43
4294967278,42
4294967278,41
4294967278,40
4294967278,39
4294967279,66
4294967279,65
4294967279,64
4294967279,60
4294967279,58
4294967279,57
4294967279,56
4294967279,54
4294967279,53
4294967279,51
4294967279,48
4294967279,46
4294967279,42
4294967279,41
4294967279,40
4294967279,39
4294967279,38
4294967279,36
4294967279,34
4294967279,33
4294967279,32
4294967279,30
4294967279,28
4294967279,26
4294967279,23
4294967279,21
4294967279,19
4294967279,18
4294967279,17
4294967294,966
4294967294,964
4294967294,963
4294967294,962
4294967294,961
4294967294,960
4294967294,918
4294967294,917
4294967294,916
4294967294,913
4294967294,912
4294967294,911
4294967294,909
4294967294,908
4294967294,903
4294967294,900
4294967294,899
4294967294,898
4294967294,421
4294967294,401
4294967294,185
4294967294,182
4294967294,176
4294967294,173
4294967294,170
4294967294,163
4294967294,162
4294967294,161
4294967294,106
4294967294,1413
4294967294,967
4294967294,190
4294967294,919
4294967294,906
4294967294,902
4294967294,965
4294967294,914
4294967279,140
4294967279,27
4294967294,30
4294967294,60
4294967294,75
4294967294,127
4294967294,14
4294967294,126
4294967294,13
4294967294,11
4294967279,16
4294967279,371
4294967279,25
4294967279,370
4294967278,559
4294967279,135
4294967294,419
4294967279,22
4294967279,133
4294967279,134
4294967294,89
4294967279,272
4294967279,20
4294967279,270
4294967278,558
4294967279,279
4294967279,281
24,4
4294967279,282
24,3
24,2
24,1
4294967279,278
4294967294,388
4294967279,369
4294967279,14
4294967279,13
4294967279,277
4294967279,263
4294967278,557
4294967279,11
4294967279,262
4294967279,280
4294967279,368
4294967279,10
4294967279,259
4294967279,256
4294967279,258
4294967279,342
4294967279,276
4294967294,99
4294967294,5
4294967294,905
4294967294,904
4294967294,438
4294967294,107
4294967279,274
4294967278,532
4294967278,531
4294967279,367
4294967278,556
4294967294,393
4294967294,44
4294967294,53
4294967294,52
4294967294,950
4294967294,92
4294967294,90
4294967294,88
4294967294,86
4294967294,85
4294967294,43
4294967294,417
4294967279,366
4294967278,555
4294967278,256
4294967279,365
4294967278,554
4294967294,1414
4294967294,83
4294967278,553
4294967294,7
4294967279,364
4294967279,363
4294967294,42
4294967278,552
4294967278,132
4294967278,131
4294967278,130
4294967278,129
4294967278,128
4294967278,127
4294967278,126
4294967278,119
4294967278,117
4294967278,115
4294967278,114
4294967278,113
4294967278,112
4294967278,109
4294967278,107
4294967278,106
4294967278,105
4294967278,104
4294967278,103
4294967278,215
4294967278,102
4294967278,524
4294967278,101
4294967278,523
4294967278,100
4294967278,522
4294967278,99
4294967278,98
4294967278,520
4294967278,97
4294967278,96
4294967278,95
4294967278,94
4294967278,93
4294967278,517
4294967278,92
4294967278,91
4294967278,90
4294967278,89
4294967278,87
4294967278,86
4294967278,85
4294967278,84
4294967278,83
4294967278,82
4294967278,81
4294967278,80
4294967278,79
4294967278,78
4294967278,77
4294967278,76
4294967278,75
4294967278,74
4294967278,73
4294967278,72
4294967278,71
4294967278,70
4294967278,69
4294967278,68
4294967278,67
4294967278,66
4294967278,65
4294967278,64
4294967278,63
4294967278,62
4294967278,61
4294967278,60
4294967278,59
4294967278,58
4294967278,57
4294967278,56
4294967278,55
4294967279,260
4294967294,8
4294967279,174
4294967279,67
4294967279,63
4294967279,62
4294967279,61
4294967279,59
4294967279,55
4294967279,52
4294967279,50
4294967279,49
4294967279,47
4294967279,45
4294967279,44
4294967279,43
4294967279,37
4294967279,35
4294967279,31
4294967279,29
4294967279,24
4294967279,15
4294967279,12
